40.8084344, 17.2665573, 4
40.8901003, 17.2231899, 6
40.8812009, 17.2482375, 8
40.8507408, 17.1213045, 9
40.7864228, 17.2409304, 10
40.7872284, 17.2302946, 11
40.9548003, 16.9184534, 12
40.9008721, 17.2020263, 14
40.7759482, 17.2440369, 15
40.8379746, 17.161029, 16
40.8679813, 17.1894128, 17
40.9037565, 17.1698869, 18
40.8846572, 17.1707239, 20
40.876942, 17.1610093, 21
40.8807777, 17.1567862, 23
40.6988526, 17.5727931, 25
40.8366588, 17.3609347, 26
40.6955665, 17.3030381, 27
40.406359, 17.2867407, 29
40.8752355, 17.1767282, 30
40.8589491, 17.1699617, 31
40.9013285, 17.1551792, 32
40.8305254, 17.0875466, 33
40.844322, 17.3796141, 47
40.8834534, 17.2534067, 48
40.7864228, 17.2409304, 50
40.8137308, 17.3340282, 51
40.8520091, 17.1628762, 70
40.8659778, 17.1831614, 74
40.8544104, 17.1204087, 77
40.633417, 17.6303494, 78
40.7950711, 17.1253164, 79
40.8720603, 17.0917744, 80
40.8800936, 17.2497334, 84
40.8974299, 17.1639243, 85
40.9769054, 17.1370697, 86
40.8861393, 17.1669562, 87
40.7864131, 17.240936, 88
40.8374844, 17.1624984, 89
39.9392393, 18.2962524, 90
39.9419964, 18.3008073, 91
40.7864131, 17.240936, 92
40.3074862, 17.6550473, 93
40.8668022, 17.1930543, 95
40.9769054, 17.1370697, 97
40.8771895, 17.0596916, 98
40.86662, 17.1926157, 99
40.850101, 17.1364112, 100
40.9948946, 17.22261, 101
40.893292, 17.1875954, 103
40.8003405, 17.1146453, 104
40.9165694, 17.1924364, 106
40.8003405, 17.1146453, 107
40.7797094, 17.2415835, 108
40.8532982, 17.1204149, 109
40.9227616, 17.026205, 110
40.9227616, 17.026205, 111
40.8857683, 17.1665828, 112
40.8187153, 17.2215783, 113
40.8792212, 17.1632224, 114
39.9353885, 18.3044962, 115
39.9411672, 18.2999958, 116
39.9354592, 18.2822052, 118
40.8773047, 17.1642968, 119
40.8558112, 17.1181636, 120
40.883008, 17.1519513, 122
40.8862156, 17.1711712, 123
40.4100626, 17.2826368, 130
40.9008721, 17.2020263, 132
45.0049553, 9.1182747, 133
41.0337396, 17.140179, 136
40.8512443, 17.386058, 137
40.8544104, 17.1204087, 139
40.8408776, 17.315255, 140
40.899915, 17.158819, 141
40.8999729, 17.1588825, 142
40.847622, 17.121965, 143
40.4100626, 17.2826368, 144
40.4099972, 17.2831744, 146
40.8518644, 17.0280468, 147
40.7536958, 17.3067973, 148
40.8823323, 17.1652072, 149
40.8790322, 17.1685984, 150
40.8843787, 17.1706459, 151
40.793408, 17.1270049, 152
40.7910555, 17.1316217, 153
40.7028666, 17.3392645, 154
41.0640475, 16.9137496, 157
41.0640475, 16.9137496, 159
39.9761773, 18.3255036, 161
40.8558112, 17.1181636, 162
40.8553088, 17.1180967, 163
40.881828, 17.1572877, 164
40.8962088, 17.1658759, 166
40.8807777, 17.1567862, 173
40.8806451, 17.1659973, 175
40.8820829, 17.1574749, 176
40.8821164, 17.1574918, 177
40.8820558, 17.1574438, 178
40.8820255, 17.1574198, 179
40.5766412, 17.0311755, 180
40.5773473, 17.030594, 181
40.5772982, 17.0305675, 182
40.8544104, 17.1204087, 183
40.8544104, 17.1204087, 184
41.254151, 16.4724106, 185
40.7295235, 17.5779979, 186
40.8544104, 17.1204087, 187
41.0646051, 16.9213919, 188
40.965278, 17.1186, 189
40.5798032, 17.0386676, 190
40.8014278, 17.118531, 191
40.893292, 17.1875954, 192
40.9673601, 17.1171189, 193
40.2052159, 18.2523563, 194
40.6554083, 17.698592, 195
40.2052159, 18.2523563, 196
40.2052159, 18.2523563, 197
40.2052159, 18.2523563, 198
40.8838762, 17.1704666, 199
40.5191132, 17.2811059, 200
40.8544104, 17.1204087, 201
40.8812934, 17.1648602, 202
40.4643606, 17.2470303, 203
40.8833316, 17.3215492, 204
40.7028666, 17.3392645, 205
40.8836915, 17.1673459, 206
40.8813407, 17.1702021, 207
40.8813407, 17.1702021, 208
40.8813407, 17.1702021, 209
40.8813407, 17.1702021, 210
40.8813407, 17.1702021, 211
40.8792212, 17.1632224, 212
40.7975483, 16.9249185, 213
40.8544104, 17.1204087, 214
40.9431111, 17.2127075, 215
40.8924479, 17.1590633, 216
40.9673601, 17.1171189, 219
40.5750738, 17.0356241, 220
44.9811922, 9.208125, 221
40.7889416, 17.2328966, 222
40.6463236, 16.615937, 223
40.7902835, 17.2352174, 224
40.8833699, 17.1590451, 225
40.8807777, 17.1567862, 226
40.8841309, 17.165252, 227
40.8750263, 17.1505419, 228
40.793902, 17.1258599, 229
40.3868332, 17.3521218, 230
40.4643606, 17.2470303, 231
40.8934431, 17.238937, 232
41.057019, 17.0831241, 233
41.057019, 17.0831241, 234
41.057019, 17.0831241, 235
40.7950531, 17.1253324, 236
40.8366588, 17.3609347, 237
40.884265, 17.1655799, 238
41.0697035, 16.8662255, 239
40.8819225, 17.1662621, 240
40.4100626, 17.2826368, 241
33.836081, -81.1637245, 242
40.8544104, 17.1204087, 243
40.5757689, 17.0425549, 244
40.8812081, 17.2286364, 245
40.9525166, 17.2985559, 246
40.746168, 17.6995998, 247
40.8837068, 17.1700411, 248
40.9211363, 17.2011909, 249
40.7840136, 17.2324648, 250
40.8798904, 17.1550061, 251
39.9381711, 18.2969418, 252
40.8828192, 17.1622337, 253
40.7875235, 17.228446, 254
40.965278, 17.1186, 255
40.8014278, 17.118531, 256
40.9211363, 17.2011909, 257
40.8014278, 17.118531, 258
40.8788017, 17.1546712, 259
40.8808931, 17.1626541, 260
40.6443274, 17.5177803, 261
40.8855346, 17.2572179, 262
40.8792212, 17.1632224, 263
40.8589491, 17.1699617, 264
40.847995, 17.1230542, 265
40.847995, 17.1230542, 266
40.847995, 17.1230542, 267
40.847995, 17.1230542, 268
40.847995, 17.1230542, 269
40.847995, 17.1230542, 270
40.847995, 17.1230542, 271
40.8544104, 17.1204087, 272
40.9264131, 17.1920904, 273
40.8682786, 17.2829264, 274
40.9381004, 17.302768, 275
40.8503451, 17.1224665, 276
41.0756706, 16.8688549, 277
40.6380585, 17.7417758, 278
40.9618079, 17.1193549, 279
40.9714866, 17.1139237, 280
40.4120146, 17.2044225, 281
40.8930708, 17.1695699, 282
41.057019, 17.0831241, 283
40.9701561, 17.1222475, 284
41.0629733, 17.0903032, 285
41.0629733, 17.0903032, 286
40.8392378, 17.1615081, 287
40.8599086, 17.1787732, 288
40.8366588, 17.3609347, 289
39.9328288, 18.3539405, 290
40.454989, 17.3806311, 291
41.051962, 16.5580215, 292
40.8792212, 17.1632224, 293
40.8544104, 17.1204087, 294
40.3995358, 17.2455344, 295
41.4723679, 14.0049763, 297
40.793902, 17.1258599, 298
40.7989695, 17.1180765, 299
40.793902, 17.1258599, 300
40.8840653, 17.164947, 301
40.8026638, 17.1052257, 302
40.8008104, 17.1077114, 303
40.793902, 17.1258599, 304
40.8492112, 17.1216962, 305
40.9525166, 17.2985559, 306
40.4307818, 17.2444461, 307
40.8534662, 17.1140877, 308
41.140853, 16.8033309, 309
40.8810925, 17.166155, 310
40.4706, 16.9393605, 311
40.8846991, 17.1699357, 312
40.8792212, 17.1632224, 313
40.9697992, 17.1199987, 314
40.8758911, 17.1519632, 315
40.809725, 17.259068, 316
40.3092112, 18.2006024, 317
39.9050569, 18.3686721, 318
39.9421894, 18.2955034, 319
40.8379696, 17.1605158, 320
40.883008, 17.1519513, 321
35.937496, 14.375416, 322
40.8792212, 17.1632224, 323
40.8416943, 17.2489062, 324
40.579258, 17.036121, 325
40.5215298, 17.0613255, 326
40.5790208, 17.0320866, 327
40.5790772, 17.0359662, 328
40.871719, 17.2808033, 329
40.5016428, 16.917393, 330
40.8204006, 17.120089, 331
40.8544104, 17.1204087, 332
40.8815898, 17.1773685, 333
40.8204006, 17.120089, 334
41.1185825, 16.4873255, 335
40.8890509, 16.7361634, 336
40.399041, 17.2458172, 337
40.8155638, 16.9250032, 338
40.8862933, 17.1643589, 339
40.8544104, 17.1204087, 340
40.897549, 17.155346, 341
40.7965133, 17.1205986, 342
39.9353813, 18.3475221, 343
39.9353813, 18.3475221, 344
40.7969404, 17.1207436, 345
40.8862931, 17.1643576, 346
40.9673601, 17.1171189, 347
40.8771325, 17.1655487, 348
40.658316, 17.706466, 349
40.5781143, 17.0428646, 350
41.1199833, 16.8808325, 351
40.8792212, 17.1632224, 352
40.793902, 17.1258599, 353
41.1561991, 16.7731228, 354
40.39885, 17.27349, 355
40.3990316, 17.277863, 356
39.9704245, 18.3229544, 357
40.7930692, 17.2330446, 358
40.885315, 17.17048, 359
40.8544104, 17.1204087, 360
40.8862931, 17.1643578, 361
40.39885, 17.27349, 362
40.8819861, 17.1573915, 363
40.8807777, 17.1567862, 364
40.3394527, 17.4228803, 365
40.4643606, 17.2470303, 366
40.7979234, 17.3560687, 367
40.8886314, 17.1447045, 368
40.8726508, 17.1820562, 369
40.8792212, 17.1632224, 370
40.8972597, 17.1536216, 371
40.4123805, 17.2604591, 372
40.412247, 17.2596467, 373
40.3990316, 17.277863, 374
40.412247, 17.2596467, 375
41.0117895, 17.0102665, 376
40.886307, 17.1626471, 377
40.8864792, 17.162328, 378
40.8670529, 17.2808222, 379
40.8700714, 17.1829265, 380
40.9433806, 17.2110039, 381
38.3638031, 16.2549724, 382
38.3515028, 16.4548165, 383
38.3397203, 16.3059997, 384
38.2930424, 16.301476, 385
38.2930424, 16.301476, 386
40.8700543, 17.1696644, 387
40.8582908, 17.3108811, 388
40.882177, 17.1575398, 389
40.8821467, 17.1575158, 390
40.5792688, 17.0336464, 391
40.7316943, 16.9642973, 392
40.7957035, 17.120909, 393
38.3314702, 16.2783259, 394
38.2734893, 16.2890764, 395
40.8834677, 17.1597615, 396
40.1489222, 18.3188202, 397
40.1478312, 18.3115614, 398
40.1207342, 18.198868, 399
40.8792212, 17.1632224, 400
40.7864131, 17.240936, 401
38.3397203, 16.3059997, 402
40.7985954, 17.1395464, 403
40.7864228, 17.2409304, 404
40.8677139, 17.1584803, 405
40.8298699, 17.3153391, 406
39.960166, 18.2136576, 407
40.9211363, 17.2011909, 408
39.9663431, 18.2066527, 409
40.6639445, 17.6977257, 410
40.7864228, 17.2409304, 411
40.8848536, 17.1660295, 412
40.8831814, 17.166864, 413
40.7864228, 17.2409304, 414
41.0629733, 17.0903032, 415
40.8858556, 17.1679548, 416
40.9525166, 17.2985559, 417
40.8698131, 17.2590079, 418
39.9386753, 18.2972093, 419
39.9378344, 18.2931067, 420
40.3052303, 18.3971474, 421
40.26705, 18.3327111, 422
38.3120892, 16.2939577, 423
38.3426384, 16.2736366, 424
38.2683941, 16.2792393, 425
40.8859947, 17.169011, 426
41.0644011, 17.0848196, 427
40.7990706, 16.9221587, 428
40.8544104, 17.1204087, 429
40.8507408, 17.1213045, 430
40.7953143, 16.9302332, 432
40.7953143, 16.9302332, 433
40.9956442, 17.2247828, 434
40.9183171, 17.1912539, 435
40.9948946, 17.22261, 436
40.7923878, 16.9358372, 437
40.7915214, 17.1460289, 438
40.6268935, 17.6380234, 439
40.8792212, 17.1632224, 440
40.9673601, 17.1171189, 441
40.8469392, 17.2332467, 442
40.8837068, 17.1700411, 443
40.9555865, 17.2897692, 444
40.9555865, 17.2897692, 445
40.955553, 17.290291, 446
40.9519114, 17.3027671, 447
40.884158, 17.17102, 448
40.884158, 17.17102, 449
40.884158, 17.17102, 450
40.8837068, 17.1700411, 451
40.9477441, 17.3060316, 452
40.8004235, 17.2603176, 453
40.0446167, 18.1315794, 454
40.8829678, 17.1653298, 455
40.8806672, 17.1556832, 456
40.8800316, 17.1557251, 457
40.8800944, 17.1557885, 458
40.2272626, 18.2247152, 459
39.9598699, 18.2146361, 460
39.9611799, 18.2192638, 461
40.9525166, 17.2985559, 462
40.9419311, 17.2288944, 463
40.8800944, 17.1557885, 464
40.4643606, 17.2470303, 465
40.8909805, 17.1663607, 466
40.3394527, 17.4228803, 467
40.8792212, 17.1632224, 468
40.8800238, 17.167103, 469
40.9519298, 17.3040729, 471
40.1562373, 18.2931791, 472
41.1272903, 16.8684798, 473
40.3959321, 17.6343527, 474
40.8897387, 17.166667, 475
40.8846599, 17.1707219, 476
40.7028666, 17.3392645, 477
40.3980355, 17.6443359, 478
40.7891654, 17.2402503, 479
40.7892614, 17.2404277, 480
40.7892614, 17.2404277, 481
40.5880711, 17.1152399, 483
40.4027372, 17.273295, 484
40.4027372, 17.273295, 485
40.4643606, 17.2470303, 486
40.4027372, 17.273295, 487
40.4027372, 17.273295, 488
40.4027372, 17.273295, 489
40.4643606, 17.2470303, 490
40.4027372, 17.273295, 491
40.4027372, 17.273295, 492
40.4027372, 17.273295, 493
40.4027372, 17.273295, 494
40.971635, 17.112962, 495
40.971635, 17.112962, 496
40.971635, 17.112962, 497
40.4015296, 17.2788585, 498
40.9525166, 17.2985559, 499
40.8416943, 17.2489062, 500
40.4660312, 17.3920879, 501
40.889958, 17.174808, 502
40.4007049, 17.2813214, 503
40.4027372, 17.273295, 504
40.4643606, 17.2470303, 505
39.9605661, 18.2177811, 506
39.9402506, 18.2946654, 507
40.884577, 17.169822, 508
40.8023537, 17.1059282, 509
40.8659273, 17.1418617, 510
40.8472344, 17.1286522, 512
38.336077, 16.2851779, 513
40.882413, 17.1601329, 514
40.6236157, 17.6346849, 516
40.8792212, 17.1632224, 517
40.9227616, 17.026205, 518
40.8821164, 17.1574918, 519
41.0644011, 17.0848196, 520
40.8416943, 17.2489062, 521
40.9493675, 17.2940016, 522
40.7028666, 17.3392645, 523
40.8831714, 17.1635515, 524
40.3869461, 17.3521054, 525
40.783271, 17.2300057, 526
40.893292, 17.1875954, 527
40.850358, 17.122462, 528
40.8831714, 17.1635515, 529
40.8831714, 17.1635515, 530
40.965278, 17.1186, 532
40.8700714, 17.1829265, 533
40.8700714, 17.1829265, 534
40.4100626, 17.2826368, 536
40.4100626, 17.2826368, 537
40.9521757, 17.2899382, 538
40.8366588, 17.3609347, 539
40.9514086, 17.2898117, 540
40.7989695, 17.1180765, 542
40.7989695, 17.1180765, 543
40.7723014, 17.2998318, 544
40.8078846, 17.2661548, 545
40.9661343, 17.1148938, 546
41.057019, 17.0831241, 547
40.5781143, 17.0428646, 548
40.5781143, 17.0428646, 549
35.7595731, -79.0192997, 550
40.8695634, 17.0863799, 551
40.8792212, 17.1632224, 552
40.8776611, 17.2097997, 553
40.7863027, 17.1423373, 554
41.1812276, 16.6604284, 555
40.8831714, 17.1635515, 556
40.880335, 17.173862, 558
40.8587345, 17.1417067, 559
40.9514147, 17.3030443, 560
40.7910555, 17.1316217, 562
40.7910555, 17.1316217, 564
40.7910555, 17.1316217, 565
40.7910555, 17.1316217, 566
40.7910555, 17.1316217, 567
40.7910555, 17.1316217, 568
40.7910555, 17.1316217, 569
40.7910555, 17.1316217, 570
40.7910555, 17.1316217, 571
40.7910555, 17.1316217, 572
40.7910555, 17.1316217, 573
40.7910555, 17.1316217, 574
40.8831253, 17.1615404, 575
40.793902, 17.1258599, 576
40.8800587, 17.1557477, 577
40.5910849, 17.1184062, 579
40.9489395, 17.2942737, 580
40.4706617, 17.3442635, 581
40.8726305, 17.1683287, 582
40.882457, 17.160187, 583
40.874428, 17.17171, 584
40.927308, 17.209696, 585
40.7920669, 17.12834, 586
40.4080849, 17.2800538, 587
40.874428, 17.17171, 588
40.874428, 17.17171, 589
40.801214, 17.113454, 591
40.8792212, 17.1632224, 592
40.7864648, 17.2387612, 593
40.7019709, 17.3394788, 594
40.6932593, 17.3314928, 595
40.703528, 17.3420417, 596
40.7206831, 17.6036129, 597
40.4155116, 17.2082313, 598
40.4078637, 17.2804304, 599
40.4212616, 17.2280872, 600
40.3825013, 17.3547128, 601
40.4032164, 17.2593667, 602
40.8305945, 17.1243248, 603
40.9700516, 17.1130862, 604
40.86662, 17.1926157, 606
40.871719, 17.2808033, 607
40.8810279, 17.1651889, 608
40.967696, 17.1105723, 609
40.4217298, 17.2284613, 610
40.4217298, 17.2284613, 611
40.4217298, 17.2284613, 612
40.8790322, 17.1685984, 613
40.8790322, 17.1685984, 614
40.8790322, 17.1685984, 615
40.8790322, 17.1685984, 617
40.8831814, 17.166864, 619
40.8729376, 17.1634822, 621
40.8729376, 17.1634822, 622
40.8729376, 17.1634822, 624
40.8792212, 17.1632224, 625
40.8792212, 17.1632224, 627
40.8793274, 17.1675158, 628
41.0856274, 16.8687743, 630
41.0856274, 16.8687743, 631
40.8825524, 17.1608553, 635
40.8792212, 17.1632224, 636
40.8893844, 17.1671893, 637
40.889332, 17.166958, 639
40.8557835, 17.067986, 640
40.8828192, 17.1622337, 641
40.8544104, 17.1204087, 643
40.9615306, 17.2833471, 644
40.8689232, 17.1701002, 645
33.650882, 73.0739856, 647
40.793902, 17.1258599, 648
40.8792212, 17.1632224, 651
40.8792212, 17.1632224, 652
40.8792212, 17.1632224, 654
40.5866965, 17.1191301, 655
40.8792005, 17.165519, 656
40.8792005, 17.165519, 657
40.8792212, 17.1632224, 658
40.8353868, 17.2423359, 659
40.4168332, 17.2494508, 660
40.8544104, 17.1204087, 662
40.8544104, 17.1204087, 664
40.8836591, 17.1630615, 665
40.8836591, 17.1630615, 666
40.8836591, 17.1630615, 668
40.8836591, 17.1630615, 669
40.8854369, 17.1719197, 671
40.8854369, 17.1719197, 672
40.8854369, 17.1719197, 674
40.8854369, 17.1719197, 675
40.8854369, 17.1719197, 676
40.8854369, 17.1719197, 677
40.8854369, 17.1719197, 678
40.8854369, 17.1719197, 679
40.6550718, 17.6974174, 680
39.9050569, 18.3686721, 681
39.9050959, 18.3679579, 682
40.5771953, 17.0341221, 684
40.5771449, 17.0342203, 686
40.5771953, 17.0341221, 687
40.8536789, 17.1140684, 688
40.8534662, 17.1140877, 689
40.967696, 17.1105723, 692
40.886307, 17.1626471, 693
40.8551352, 17.1207697, 697
41.1178369, 16.886345, 700
40.971635, 17.112962, 701
40.8416943, 17.2489062, 702
40.5771953, 17.0341221, 703
40.8792005, 17.165519, 705
38.3028701, 16.3250303, 722
38.3028701, 16.3250303, 723
38.3023156, 16.3315786, 726
38.3023156, 16.3315786, 727
38.3080562, 16.3145978, 729
38.3080562, 16.3145978, 730
38.3059956, 16.3140737, 732
38.3059956, 16.3140737, 733
38.3024178, 16.325829, 735
38.3016669, 16.3266431, 736
38.316565, 16.3137065, 738
38.316565, 16.3137065, 739
38.314484, 16.3436709, 741
38.316565, 16.3137065, 742
40.8392299, 17.3567166, 744
40.8392299, 17.3567166, 745
40.8392299, 17.3567166, 747
40.8392299, 17.3567166, 749
40.8392299, 17.3567166, 750
40.8392299, 17.3567166, 751
40.892994, 17.178146, 752
40.8558112, 17.1181636, 754
40.8558112, 17.1181636, 755
40.8558112, 17.1181636, 756
40.8558112, 17.1181636, 757
40.8558112, 17.1181636, 758
40.8874513, 17.1645139, 759
40.8874513, 17.1645139, 760
40.8874513, 17.1645139, 762
40.8874513, 17.1645139, 763
40.8874513, 17.1645139, 764
40.5782342, 17.0398644, 765
40.5782065, 17.0399009, 766
40.8874513, 17.1645139, 768
40.8874513, 17.1645139, 769
40.8874513, 17.1645139, 770
40.8874513, 17.1645139, 771
40.8874513, 17.1645139, 772
40.8874513, 17.1645139, 773
40.8874513, 17.1645139, 774
40.8874513, 17.1645139, 775
40.8811478, 17.1683903, 776
40.8811478, 17.1683903, 778
40.8811478, 17.1683903, 779
40.8811478, 17.1683903, 780
40.8811478, 17.1683903, 781
40.8811478, 17.1683903, 782
40.8811478, 17.1683903, 783
40.8811478, 17.1683903, 784
40.8811478, 17.1683903, 785
40.8811478, 17.1683903, 786
40.8811478, 17.1683903, 787
40.3017764, 18.1402959, 788
40.4822084, 18.0531741, 789
40.8853684, 17.1703883, 790
41.0629733, 17.0903032, 791
41.0629733, 17.0903032, 792
40.8792005, 17.165519, 794
40.5783198, 17.0316231, 795
40.5783198, 17.0316231, 796
40.5783198, 17.0316231, 798
40.5857858, 16.9712791, 799
40.5857858, 16.9712791, 800
40.5857858, 16.9712791, 802
40.607861, 16.9767461, 803
40.607861, 16.9767461, 804
40.607861, 16.9767461, 806
40.5783198, 17.0316231, 807
40.5839246, 17.0462616, 808
40.5839246, 17.0462616, 809
40.583624, 17.0456484, 810
40.5863676, 17.1226292, 812
40.5863676, 17.1226292, 813
40.5863676, 17.1226292, 815
40.5848421, 17.1009866, 816
40.5848421, 17.1009866, 817
40.5848421, 17.1009866, 819
40.8834669, 17.1597618, 820
40.8544104, 17.1204087, 821
40.6277843, 16.9787684, 822
40.6277843, 16.9787684, 823
40.6277843, 16.9787684, 824
40.5910849, 17.1184062, 826
40.5929371, 17.1127629, 827
40.5930431, 17.1127648, 829
40.5928521, 17.112707, 830
40.8792005, 17.165519, 833
40.38523, 17.2810147, 834
40.38523, 17.2810147, 835
40.38523, 17.2810147, 836
40.4170418, 17.2498936, 838
40.4170418, 17.2498936, 839
40.4170418, 17.2498936, 841
40.4170415, 17.2499036, 842
40.4170418, 17.2498936, 843
40.4117433, 17.2054382, 844
40.4117433, 17.2054382, 845
40.4117433, 17.2054382, 846
40.4105716, 17.2423384, 848
40.4279577, 17.2598951, 849
40.4558581, 17.3825805, 850
40.4558581, 17.3825805, 851
40.4558581, 17.3825805, 852
40.4558581, 17.3825805, 853
40.4558581, 17.3825805, 854
41.0187315, 16.9268667, 856
40.0885109, 18.301907, 857
40.7839278, 17.2321976, 858
41.0187315, 16.9268667, 859
40.9831778, 17.0812609, 860
40.4279577, 17.2598951, 861
41.0206882, 16.9255541, 862
40.390149, 17.2895921, 863
38.3080562, 16.3145978, 864
40.8804079, 17.1510599, 866
40.8804079, 17.1510599, 868
40.8804079, 17.1510599, 869
40.8804079, 17.1510599, 870
40.8804079, 17.1510599, 871
40.8804079, 17.1510599, 872
40.8804079, 17.1510599, 874
41.1559215, 16.7827424, 875
40.96721, 17.1176359, 876
40.96721, 17.1176359, 877
40.96721, 17.1176359, 878
40.9672116, 17.113732, 880
40.9671187, 17.1139807, 881
40.8828765, 17.168551, 886
40.8828765, 17.168551, 887
40.8828765, 17.168551, 888
40.8828765, 17.168551, 889
40.8828765, 17.168551, 891
40.8828765, 17.168551, 893
40.8828765, 17.168551, 895
40.8779325, 17.1532034, 896
40.8779325, 17.1532034, 897
40.8779325, 17.1532034, 898
40.8828765, 17.168551, 900
40.8793454, 17.1675699, 901
40.8824869, 17.1635257, 902
40.8824869, 17.1635257, 903
40.8824869, 17.1635257, 905
40.9714866, 17.1139237, 910
40.793902, 17.1258599, 914
40.793902, 17.1258599, 915
40.793902, 17.1258599, 916
40.793902, 17.1258599, 917
40.793902, 17.1258599, 918
38.2890137, 16.2719511, 920
38.2890137, 16.2719511, 921
38.2890137, 16.2719511, 922
42.771121, 11.101047, 925
38.2370854, 16.2656732, 926
38.2370854, 16.2656732, 927
38.3105906, 16.3127044, 928
38.3105906, 16.3127044, 930
40.6349249, 17.0329612, 931
40.6349249, 17.0329612, 932
40.6349249, 17.0329612, 933
40.6349249, 17.0329612, 934
40.6349249, 17.0329612, 935
40.848909, 17.123147, 511
40.8811478, 17.1683903, 831
40.4378349, 17.390061, 936
40.4378349, 17.390061, 937
40.4378349, 17.390061, 938
40.8834634, 17.1597632, 939
40.8834634, 17.1597632, 940
40.8834634, 17.1597632, 941
38.3105906, 16.3127044, 942
40.8828765, 17.168551, 943
42.7638947, 10.8750204, 945
42.8191804, 11.1346525, 946
42.8062049, 11.1374967, 947
42.7799006, 11.1848116, 948
42.6863861, 11.3339204, 949
42.7521273, 11.0975283, 950
42.7635254, 11.1123634, 951
42.7635254, 11.1123634, 952
40.8804079, 17.1510599, 953
40.96721, 17.1176359, 954
38.2361715, 16.2649808, 955
40.8587345, 17.1417067, 956
40.8587345, 17.1417067, 957
40.650568, 17.0513382, 958
40.650568, 17.0513382, 959
40.650568, 17.0513382, 960
40.8378377, 17.3606939, 961
40.8378377, 17.3606939, 962
38.0592546, 15.6722528, 963
38.0592546, 15.6722528, 964
38.0592546, 15.6722528, 965
41.1199833, 16.8808325, 966
40.9012271, 17.1658073, 967
40.8378377, 17.3606939, 969
40.9577633, 17.2837457, 970
40.9577633, 17.2837457, 971
40.9577633, 17.2837457, 972
40.9577633, 17.2837457, 973
41.1199833, 16.8808325, 974
41.1199833, 16.8808325, 975
40.9577633, 17.2837457, 982
41.119969, 16.8808812, 983
41.1199833, 16.8808325, 984
41.1199833, 16.8808325, 985
41.1199833, 16.8808325, 986
40.9577633, 17.2837457, 987
38.3060058, 16.3140742, 988
41.119969, 16.8808812, 989
40.7864131, 17.240936, 992
40.6265793, 16.9794774, 1008
40.6265793, 16.9794774, 1009
40.6265793, 16.9794774, 1010
40.7819649, 17.2323278, 1024